 0,06  0,77  0,83 -0,59 -0,81  0,02  0,56  0,67  0,90  0,12 -0,74  0,11 -0,46 -0,50  0,01 -0,31 
-1,08 -0,59 -0,46  0,94 -0,91  0,73  0,69 -0,54 -0,29  0,04 -0,90 -0,56 -0,44 -0,45  0,92  0,59 
 0,17 -1,01 -0,71  0,60  0,21  0,52 -0,71 -0,24  0,84  0,79 -0,51  0,18  0,31  1,01 -0,22  0,72 
-0,48  0,17  0,63 -0,20 -1,00  0,26 -0,14  0,27 -0,85  0,35  0,69  0,28 -0,06  0,21  0,38  0,40 
 0,23 -0,28  0,74 -0,25 -0,85  0,33  0,37 -0,44 -1,02  0,54 -0,97 -0,72  0,60 -0,42  0,34 -0,28 
-0,82 -0,63  0,96  0,13 -0,02 -0,06  0,68  0,99  0,15  0,25  0,59  0,76  0,64 -0,13  0,86 -0,33 
-0,56  0,08  0,95 -0,65 -0,92 -0,75  0,62  0,16  0,72  0,02 -0,15 -0,70  0,20 -0,55 -0,93  0,72 
-0,94  0,02  0,11 -0,60  0,26 -0,81 -0,40 -0,54  0,08  1,12  0,33  0,22  1,18  0,80 -0,16  0,13 
 0,82  0,38  0,82 -0,72 -0,38 -0,04 -0,39  0,87 -0,24 -0,39  0,48  0,84 -1,02  0,18 -0,31 -0,41 
-0,05  0,82  1,11 -0,62  0,92  0,44  0,36 -0,84 -0,52  0,34  0,36 -0,35  0,27 -0,73  0,42 -0,93 
-0,78  0,67 -0,14  0,86 -0,19  0,87  0,03  0,45 -0,43  0,55  0,67 -1,24 -0,26 -0,23 -0,71  0,95 
; 0,33 -0,24  1,04  0,56 -0,39  1,02  0,31  0,72 
-0,63  0,37  0,14 -0,05 -0,91 -0,67  0,27 -0,37 
-0,16 -0,10  0,35 -0,69  0,94 -0,20  0,70 -0,65 
 0,70 -0,90  0,49 -0,60 -0,16 -0,31 -0,17  0,16 
 0,08  1,01 -0,81  0,32 -0,16  1,05 -0,91 -0,38 
-0,33  1,06  0,77 -0,07  0,84  1,00  0,87  0,23 
 0,12 -0,56 -0,46 -0,20 -0,06 -0,84  1,16 -0,36 
 0,22  0,64  0,63 -0,85 -0,62 -0,29 -0,06  0,78 
-0,66 -0,48  1,03 -1,05  0,55 -0,58  0,30  0,09 
-0,30 -0,09  0,74  0,82 -0,18 -1,01 -0,49  0,77 
-0,83 -0,48  0,28 -0,72 -1,16 -0,88  0,85 -0,05 
-0,99  0,97  1,19  0,50 -1,26  1,14 -0,61 -0,87 
-0,03 -0,81 -0,20  0,13 -1,10  0,47 -0,20 -0,12 
 0,12  0,60 -0,92 -1,03 -0,74  0,83  0,63 -0,37 
-0,04  0,98 -0,96  0,77 -0,32 -0,64  0,46 -0,89 
-0,35  0,15 -0,88  0,71 -0,63  0,33  0,02 -0,08 
-0,40  0,52  0,09 -0,01  0,61  0,39  0,70 -0,59 
;-0,11  0,00 -0,44 -0,71 
 0,62 -0,28 -0,18  0,25 
 0,57 -0,50 -0,62 -0,23 
-0,51  0,36  1,03  0,68 
-0,49 -1,00 -0,54  0,25 
-1,14  0,06  0,28  0,15 
 0,73  0,96 -1,08 -0,33 
-0,55  0,88  1,08  0,84 
 0,35  0,85 -0,89  0,75 
;-0,71 -0,61 
 0,02 -0,88 
 0,30 -0,09 
-1,29  0,68 
 0,00 -0,73 
