 0,77  0,00 -0,06  0,06 -0,18 -0,61 -0,51 -0,77 -0,21  0,96  0,80  0,69 -1,12  0,93 -0,14 -1,03 
 0,57  0,85  0,10  0,65 -0,09 -0,89 -0,86 -0,93 -0,88  0,44 -0,06 -0,83  0,11 -0,47  0,64 -0,79 
 0,75  1,03 -0,70  0,54 -0,44  0,64  0,81 -0,71 -0,30  0,10  0,00  0,13 -0,62 -0,49 -0,75  0,66 
 0,86 -0,22  1,01 -0,58 -0,84 -0,50 -0,76  0,63 -0,05 -0,13 -0,05  0,70  0,57 -0,59 -0,07 -0,88 
-0,38  0,64  0,87 -0,96  0,51  0,46  0,39  0,80 -1,28 -0,37 -0,04  0,85  0,10  0,07  0,81  0,57 
 0,26  0,07 -0,87 -0,57 -0,05  0,08  1,08  0,10  0,52 -0,30 -0,45  0,58  0,21 -0,88 -0,03 -0,56 
-1,03 -0,47 -0,23 -0,11 -0,41 -0,94 -0,83 -0,66  0,69 -0,82 -0,69  0,56  0,69 -0,64 -0,61  0,95 
-0,08  0,10 -1,00 -0,66 -0,96 -0,40  0,47  0,42  0,19 -0,23 -0,73 -0,15  0,10  0,44  0,21  0,76 
 0,94 -0,66  0,98 -0,56 -0,43 -0,20  0,16  0,11  0,34  1,10  0,00 -0,30 -0,17 -0,59  0,51  0,45 
-0,77 -0,35 -0,27  0,59  0,71 -1,04 -0,62  0,49  0,43  0,35  0,76  0,57  0,34 -0,04  0,97 -1,07 
 0,39 -0,43  0,46  0,17 -0,74 -0,70  0,31 -0,77 -1,10  0,59  0,15 -1,27  1,09  0,00 -0,28 -0,21 
;-0,60 -0,24  0,32 -0,57 -0,43  0,33 -0,57  0,02 
-0,72  0,85 -0,91 -0,40  0,04 -0,67  0,43  0,55 
-0,62 -0,04  0,90 -0,90  0,66 -0,07  0,38  0,19 
 0,87  0,22  0,43  0,98 -0,68  1,07  1,00  0,39 
 0,55  0,19 -0,63 -0,35 -0,83 -0,22 -0,43 -1,07 
-0,68 -0,45 -0,81  0,51 -0,23  0,25 -0,76  0,38 
-0,72 -0,40 -0,33 -0,27 -0,30  0,85 -0,45  0,37 
 0,36 -0,94 -0,57  0,44 -1,04 -0,72 -0,32 -0,14 
-0,50 -0,58 -0,07  0,27 -0,24 -0,51 -0,08  0,92 
-0,48  1,00 -0,95 -0,57 -0,37  0,91 -0,62 -0,31 
-0,18 -0,95  0,65  0,83  0,13 -0,10 -0,23 -0,96 
-0,60  0,10  0,26 -0,74  0,86  0,44  0,94  0,81 
 1,29  0,39  0,43 -1,07 -0,76  0,15 -0,31  0,71 
 0,49 -0,27 -0,74 -0,14  0,55  0,97 -0,53  0,84 
 0,55  0,78 -0,39  0,98 -0,50 -0,43  0,74  0,33 
 0,74 -0,06  0,23  0,54  0,32 -0,78  0,89  0,02 
 1,28 -0,83  0,14  0,76 -0,75 -1,11 -0,86  0,91 
;-0,94  0,56 -0,68 -0,07 
-0,32  0,85  0,12 -1,10 
-0,11  0,54 -0,87 -0,36 
 0,36 -0,17 -0,81 -0,62 
-0,12 -1,27  0,81 -0,59 
-0,42 -0,76 -0,48 -1,09 
 1,14  0,43  1,03  0,23 
-0,72  0,89 -1,31 -0,11 
-0,42  0,22 -0,38  0,43 
;-0,60  1,30 
-1,06 -0,11 
 0,10  0,99 
-0,43  1,00 
 0,79 -0,10 
