-0,49 -0,41  0,57 -0,47 -0,22  0,81  0,83  0,67  0,57  1,00  0,29  0,72 -0,13 -0,06 -0,85  0,14  0,13  0,12  0,58 -0,63 
-0,77  0,43  0,59 -0,32 -0,02  0,92  0,59  0,38 -0,97 -0,38 -0,66 -0,78  0,76 -0,44  0,83 -0,70  0,79 -0,88 -0,46 -0,15 
-0,37 -0,90 -0,02  0,81 -0,48 -0,83  0,60 -0,82 -0,59  0,44  0,54  0,54  0,96  0,60  0,66  0,06  0,02 -0,07  0,68 -0,09 
-0,80 -0,54  0,74 -0,06  0,63  0,12  0,89 -0,66  0,07  0,85  0,32  0,10 -0,43 -0,30  0,74 -0,87 -0,56  0,78 -0,85 -0,19 
-0,68  0,40 -0,04 -0,42  0,07 -0,20 -0,74 -0,85 -0,10 -0,23  0,27 -0,15 -0,56  0,62 -0,35 -0,84 -0,64 -0,96 -0,82  0,39 
-0,78  0,32  0,19 -0,16 -0,76 -0,59 -0,03  0,46  0,85  0,45 -0,28  0,11 -0,17 -0,19 -0,41 -0,25  0,70  0,15  0,82 -0,18 
-0,14  0,74  0,44 -0,70 -0,43 -0,54 -0,34 -0,05 -0,95  0,57  0,77 -0,60  0,59 -0,24 -0,47  0,07 -0,71 -0,60 -0,54 -0,37 
 0,84 -0,02 -0,73  0,24 -0,91 -0,99 -0,91  0,55  0,03  0,79 -0,33  0,28 -0,97  0,37 -0,53 -0,45  0,69 -0,19  0,99  0,65 
 0,78 -0,98  0,15 -0,72  0,75 -0,81  0,65 -0,88 -0,68  0,49 -0,43  0,10 -0,34  0,24 -0,01  0,86  0,45 -0,94 -0,89 -0,46 
-0,88 -0,76  1,53 -1,22  2,15  0,23 -0,74 -1,02 -0,89 -0,94  1,40  1,38 -1,12  0,57  0,29  0,69  0,85 -1,00 -0,18  0,94 
-0,32 -0,81 -1,49  0,08  1,69  0,69 -0,57 -0,97 -0,47 -0,61 -0,14  0,03  0,79  0,31  0,47 -0,62 -1,12 -0,02  1,61  0,19 
;-0,91  0,13  0,01 -0,88 -0,01  0,88  0,34  0,74 -0,17  0,29 
 0,74 -0,14  0,13  0,12 -0,32 -0,29 -0,90 -0,33  0,00  0,72 
-0,14  0,85 -1,03  0,84  0,47 -0,78 -0,37  0,26  0,00 -0,07 
-0,13  0,26 -1,02 -0,93  0,56 -0,55  0,24  0,41  1,02 -0,48 
 0,01  0,93  0,37  0,04  1,04 -0,44 -0,13 -0,88 -0,54 -0,30 
-0,10  0,37 -0,94  0,63  0,63 -0,33  0,33 -0,35  0,09  0,41 
 0,63 -1,03 -0,51  1,39 -0,16 -0,54 -0,57 -0,30  0,99 -0,90 
 0,82 -0,17  0,31 -0,55 -0,31  0,01  1,10 -0,50 -0,65 -0,56 
 0,34 -0,84 -0,12 -1,02 -0,48  0,38 -0,29 -0,35  0,21 -0,31 
 0,30 -0,84 -0,72 -0,75  0,14 -0,07  0,13  0,43 -0,24  0,19 
-0,99 -0,75 -0,63 -0,63  0,17 -0,87 -1,00  0,88  0,13 -0,82 
-0,17 -0,30 -0,90 -0,14 -0,80  0,46  0,39 -0,64  1,03  0,69 
 0,87  0,92  0,62  0,09 -0,59  0,65 -0,83  0,11  0,77  0,78 
 0,85 -0,52  0,90  0,64 -0,39  0,09  1,10 -1,04  0,21 -0,72 
 0,53 -0,40  0,02  0,12  1,10 -0,29  0,59  0,85 -0,72  0,51 
 0,86 -0,48  0,19  0,24  0,72 -0,88 -0,34  0,59  0,64  0,30 
 0,88  0,15 -0,91 -0,03 -0,71 -0,65 -0,25  0,57 -0,33 -0,21 
 0,75 -0,22  0,60  0,71  1,19 -0,06 -0,61 -1,27  0,67 -1,08 
 0,89 -0,38 -0,49 -0,83  1,25  0,31 -0,42 -0,38  0,71 -0,68 
-0,76 -0,77 -0,73 -0,73 -0,29 -0,70 -0,51 -0,55 -0,83  0,84 
-0,74 -0,36  0,18  0,56  0,88  0,22  0,53  0,83  0,54 -0,40 
;-0,21 -0,16 -0,79 -0,65 
-0,84 -0,53  0,01 -1,33 
-0,93  1,08 -0,04  0,19 
 1,61  1,51 -0,61 -1,21 
-0,95  1,11  0,21 -0,94 
-0,53 -0,28  0,08  1,59 
-0,93  0,50  0,80 -0,04 
-0,65 -1,30  0,79 -1,38 
 1,15 -0,73 -0,83  1,40 
 0,14  1,36  0,02  0,01 
 0,37 -1,54 -0,62 -0,44 
;-0,64  0,59 
 0,24  0,69 
 1,27 -1,33 
 1,18  0,53 
-1,74  1,55 
