 5,12  8,57 -1,05 -7,69  7,68 10,58 -2,12  1,98 
-0,51  0,50  4,05  5,68 -4,10 -1,85  6,20 -0,09 
-3,33 -0,23  2,88  7,17 -0,36 -5,61  9,48 -0,64 
-9,56  3,44 -8,57  7,21 -7,82  5,64 -8,79 -7,63 
 6,79 10,19  8,38  3,85 -2,15  3,10 -6,80 -3,62 
 6,87 -0,93  0,97 -5,18 -2,78  1,37 -2,09 -3,96 
49,94 -20,43 -113,21 -20,26 19,14 -39,46 12,83 66,19 
 0,17 68,90 -57,94 -49,07 42,49 94,40 -70,57 -41,08 
;-3,13 -18,50 -5,71 11,28  1,00  7,54 -2,19 -8,28 -5,63 
 2,18  8,78 10,74 -2,26  6,37  2,27  2,19  2,20  1,63 
 0,04 -2,84 13,94 -5,65 -2,28 -0,01 -11,54 -5,47  4,13 
 0,70 10,43 -3,59 -10,96 15,38  1,80 13,97 -6,98 10,42 
-3,47  4,53  8,72 -8,82  1,87 -0,60  4,77 -9,75 13,05 
-11,31  6,04  5,96 -8,47 -3,71 -5,82  4,97  3,33 -0,69 
-1,30 12,85  2,65 -10,67 -2,47 -3,06 -3,69 -10,07  5,46 
 4,88  7,13  9,49 -10,60  6,08 -4,98 14,66  4,12 -4,90 
 2,98 -0,09 -3,38 -6,83 -1,48 -2,97  2,99 14,61  6,08 
; 6,57 -8,60 
 1,45 -1,37 
 5,57  6,98 
 2,24 -7,57 
-5,23 -3,84 
-8,30  3,04 
 4,52 -5,81 
 6,94 -1,72 
-0,91  0,26 
 0,05 -7,71 
