-3,43 -0,99  3,21  0,35 -0,86 -0,86  0,00 -1,44  0,44  0,07 -3,75  0,40 -3,36  0,55 
-0,16  0,31  0,49 -0,64  0,31 -0,80  0,02  0,84 -0,31  0,50 -0,05  0,37 -0,46 -0,65 
-0,73 -0,74  0,17 -0,47  0,46 -0,46 -0,78 -0,93  0,24 -0,58 -0,89  0,81 -0,24 -0,18 
 0,40  0,14  0,95 -0,57 -0,95 -0,56  0,41 -0,17  0,51 -0,79  0,83  0,81 -0,79  0,25 
 0,66  0,61 -0,33  0,87  0,31  0,20 -0,39  0,82  0,22 -0,19 -0,94  0,10 -0,31 -0,12 
 7,24  0,18 -0,08  0,45  0,34  4,63 20,62  0,85 13,34 -0,97  0,98 -0,87  0,75 -0,18 
 0,42 -0,19 -0,80  0,00 -0,80  0,07  0,77  0,80  0,23  0,51  0,13  0,96 -0,05 -0,73 
11,40  9,96  7,23 -0,31  0,23  0,47 -0,14  0,79  7,94 -4,48 11,64 -0,45 -0,58  2,11 
 4,15  0,33 -0,98  0,86 -0,04  0,16 -37,50 -4,17 -0,18 -0,60  3,22 40,27 -0,22 -0,33 
 0,27 -29,01 -81,71 130,40  0,98 80,81 21,12 -0,54 -278,17 20,46  0,72  0,73  0,12  0,30 
 0,31 -100,55 -0,20 16,27  0,43  6,83 -0,19 -0,02  0,49 -0,95 -38,62 -0,92 -71,06 -142,80 
;11,79 -0,30 -9,98 -6,02  0,53 -0,89 -0,63 -3,72 -8,15  0,60 -6,43  0,18 -1,20 -29,29  0,79 
 0,86  0,14 -0,73 -0,66  0,04  0,31 -0,70  7,22  4,73  7,32 -0,37  0,65 -0,01 23,41  0,84 
-7,74  0,37  0,66  0,64  0,21 -13,39  1,42  7,20  0,82 -0,13 -0,68  0,18 -15,04 16,38 11,71 
 1,14 -0,72  0,17 -0,98  2,62  0,51  0,52  0,45  0,76  0,69  2,79  0,82  3,55 -0,63  0,97 
-12,85  5,35  3,54  4,60 -0,76 -0,72  0,73  1,40  0,07  1,74  6,20 -0,53 -0,83  0,64 -0,82 
-22,53 -0,77 -0,93 -0,11  9,28 -0,96 -11,58  0,21 -0,20  0,00  0,46 15,05 -0,32  0,20 -0,13 
-0,61  0,10 -0,56  6,55 -0,06  0,27 -0,56  7,54  0,19 -0,69  0,88  0,20  0,71 -0,93  0,94 
 0,81  1,11  0,63 -0,23  0,68 -7,97  0,63 -0,93 -0,31  0,41  0,49 -0,34 -0,25  7,55 12,14 
-17,39 -0,42 -0,86  6,17  0,46  0,40 -0,12  0,11  0,18  5,70  1,43  4,68  0,09 -0,25  0,39 
30,00  0,68 -0,64  1,45  0,17  0,87  0,68  0,31 -0,16  0,61  5,85  0,15  0,25 -0,58 -12,08 
 0,85 -0,91  0,81  0,23  9,51 -2,12  0,23 -0,15  0,91  3,71  0,78  0,31  3,07  0,78  0,11 
 8,29  1,82  3,06 -0,53 -0,43 -1,01 -0,01 -0,53 -0,73 -0,74  0,34  0,71  0,63 -0,15 -8,66 
 0,49 -0,99  2,05  0,54 -0,21  0,13 -10,58  0,89  2,79 -0,40 -0,74  0,19  1,38 15,06 13,27 
 0,74  0,79 -0,93  2,16 -0,86 -2,88 -0,76  0,24 -0,59 -0,89  6,42 -0,57 -0,92  0,08 -0,94 
-14,25  0,57  5,84 -0,44  0,19 -0,78 -0,42 -0,59  0,63  4,25  0,98  6,57 -0,34 -0,60  0,00 
; 0,91  0,14 
-0,72 -0,96 
 0,71  0,87 
-0,87  0,43 
 0,81  0,73 
 0,99 -0,92 
-0,02  0,66 
 0,60  1,58 
-0,38  0,41 
-0,91 -0,20 
-0,99 -0,83 
 0,23 -0,26 
-6,69  2,46 
-0,77 -0,49 
 0,33 -0,01 
-0,17 -0,30 
