-0,02 -0,89  0,32  0,58  0,43  0,06 -0,33 -0,31  0,97  0,72 
 0,88 -0,12 -0,61 -0,64  0,47 -0,99 -0,41  0,58  0,90 -0,19 
-0,31  0,18  0,43  0,55  0,78  0,73 -0,64  0,62 -0,20 -0,96 
 0,25 -0,86 -0,38  0,92  0,26 -0,78  0,32  0,25 -0,29 -0,29 
 0,02  0,15  0,21  0,44  0,55  0,24 -0,90 -0,27 -0,85  0,84 
 0,77 -0,92 -0,86 -0,92  0,68  0,85 -0,31  0,72  0,77  0,66 
-0,31  0,05  0,87  0,93 -0,54  0,74 -0,75 -0,54  0,10  0,24 
-0,07  0,35 -0,14  0,19  0,80  0,54  0,98  0,99 -1,00 -0,46 
 0,62  0,62  0,46 -0,16 -0,60  0,16  0,95 -0,53 -0,86  0,38 
 0,60  0,59  0,65 -0,23 -0,79  0,89  0,24  0,36  0,23  0,83 
-0,02  0,62  0,42 -0,35  0,75 -0,85  0,30  0,35 -0,57 -0,76 
; 0,73 -0,01  0,74 -0,61  0,18 
 0,59  0,60  0,12 -1,16  0,67 
 0,64  0,98  0,59  0,39  1,28 
-0,58  0,30 -0,29  0,37  0,88 
-0,31  0,45  0,34 -0,40  1,03 
-0,42 -0,35 -0,51  0,72  1,18 
-0,80  0,04 -0,09  0,61 -0,39 
 0,87  0,22 -0,08 -0,36  0,50 
 0,60 -0,40 -0,81  0,49 -0,66 
-0,85 -0,94  0,03 -0,12 -0,44 
 0,97 -0,48 -0,44 -0,84 -0,30 
;-0,30 -0,71  1,21 
-1,74 -0,83  0,83 
-0,51 -1,08  0,53 
 0,48 -0,19  0,07 
-1,28  0,11 -0,57 
 1,15  0,24 -1,08 
;-0,22 -1,32 
 1,81 -1,69 
-1,10  0,03 
 0,51 -0,97 
