-84.66 44.66 99.82 35.96 93.28 67.06 -34.90 60.70 
 1.49 41.07 -9.94 89.88 -93.86 97.45 -88.20 31.52 
76.61 -11.75 -2.75 96.84 -41.33 39.38 18.29 19.05 
15.75 -82.36 -13.11 -13.63 25.37 -72.44 14.89 -12.90 
 0.68 -94.30 -21.64 28.35 -45.09 -50.89 -23.24 30.21 
-93.65 15.80 -82.06 -77.50 -61.90 75.97 -61.46 32.47 
-70.41 36.28 -32.40 -88.80 26.71 60.38 -39.96 46.26 
-63.01 -51.10 57.45 -33.36 -70.18 -60.64 95.31 82.31 
47.90 14.80 21.84 -55.54 68.55  2.88 49.88 -15.98 
36.06 -36.18 64.15 -85.19 57.17 55.24 55.23  0.72 
-60.61 59.37 -73.44 20.51 -79.18 24.10 75.20 -39.27 
;-31.64 39.95 -36.12 -47.77 
-26.91 -61.38 29.75 99.93 
 5.73 56.22 -13.67 -3.79 
-9.57 66.00 30.82 80.74 
99.30 -2.67 -36.49 -84.43 
 0.02 -38.25 -88.55 -69.67 
98.69 52.55  3.43 -25.03 
78.90 -66.40 84.06 75.22 
-96.21 43.34 -39.51  4.55 
;85.99 -71.45 
43.36 -58.93 
-65.20 66.29 
-52.07 45.45 
-1.93 41.06 
