-0.09  0.36 -0.11 -0.14 -0.07 -0.06 -0.07 -0.15 
-0.27  0.31  0.36  0.38 -0.38 -0.37 -0.15 -0.28 
-0.30  0.26  0.23  0.45 -0.50 -0.52 -0.38 -0.39 
-0.15 -0.77 -0.79  0.19  0.03  0.03  0.01 -0.21 
 0.12  0.08 -0.04 -0.48  0.22  0.22  0.10  0.23 
 0.41  0.07 -0.18 -0.91  0.56  0.60  0.16  0.44 
-0.38  0.28 -0.17 -0.34 -0.15 -0.13 -0.35 -0.22 
; 0.35 -0.20  0.48 -0.12 
-0.11  0.02  0.59  0.01 
 1.21  0.23 -0.12  0.52 
 0.54  0.50 -0.21  0.83 
-0.77  0.63 -0.73  0.76 
-0.06 -0.25  0.66 -0.34 
-0.04 -0.27  0.69 -0.35 
-0.22  0.04  0.42 -0.02 
 0.09  0.00  0.61 -0.08 
; 0.27 -0.29 
-1.12 -1.99 
-0.43  0.46 
 1.53 -1.15 
-0.98  0.55 
