-0.09  0.38 -0.12 -0.14 -0.06 -0.05 -0.07 -0.15 
-0.27  0.32  0.37  0.38 -0.38 -0.38 -0.15 -0.28 
-0.30  0.26  0.24  0.46 -0.50 -0.52 -0.38 -0.39 
-0.15 -0.79 -0.81  0.20  0.03  0.03  0.01 -0.21 
 0.12  0.09 -0.05 -0.50  0.22  0.22  0.09  0.23 
 0.41  0.07 -0.19 -0.94  0.57  0.61  0.15  0.44 
-0.39  0.28 -0.18 -0.34 -0.14 -0.12 -0.36 -0.23 
; 0.36 -0.20  0.49 -0.12 
-0.11  0.02  0.60  0.02 
 1.24  0.24 -0.12  0.53 
 0.56  0.54 -0.21  0.86 
-0.80  0.67 -0.73  0.79 
-0.06 -0.26  0.66 -0.35 
-0.04 -0.28  0.69 -0.36 
-0.23  0.05  0.42 -0.02 
 0.09  0.00  0.61 -0.08 
; 0.19 -0.23 
-1.17 -2.07 
-0.38  0.43 
 1.61 -1.24 
-0.95  0.54 
