0.00, 0.00, 0.00,
0.00, 2.00, 0.00,
0.00, 1.00,
8.00, 12.00,
1.00, 1.00;

0.00, 0.00, 0.00,
0.00, 2.00, 0.00,
0.00, 1.00,
11.00, 6.00,
1.00, 0.00;

0.00, 0.00, 0.00,
0.00, 2.00, 0.00,
1.00, 0.00,
2.00, 5.00,
0.00, 1.00;

0.00, 0.00, 0.00,
0.00, 2.00, 0.00,
1.00, 0.00,
7.00, 3.00,
1.00, 1.00;

0.00, 0.00, 0.00,
0.00, 2.00, 0.00,
0.00, -1.00,
9.00, 16.00,
0.00, 1.00;

0.00, 0.00, 0.00,
0.00, 2.00, 0.00,
0.00, -1.00,
9.00, 5.00,
0.00, 1.00;

0.00, 0.00, 0.00,
0.00, 2.00, 0.00,
-1.00, 0.00,
10.00, 15.00,
1.00, 0.00;

0.00, 0.00, 0.00,
0.00, 2.00, 0.00,
-1.00, 0.00,
16.00, 8.00,
1.00, 0.00;
