0.00, 0.00, 0.00,
0.00, 2.00, 0.00,
0.00, 1.00,
-7.00, -12.00,
0.00, 0.00;

-1.00, 0.00, 0.00,
0.00, 2.00, 0.00,
1.00, 0.00,
-1.00, -1.00,
0.00, 1.00;

0.00, 0.00, 0.00,
0.00, 2.00, 0.00,
0.00, -1.00,
-9.00, -16.00,
0.00, 1.00;

0.00, 0.00, 0.00,
0.00, 2.00, 0.00,
-1.00, 0.00,
-10.00, -15.00,
1.00, 0.00;

0.00, 0.00, 0.00,
0.00, 2.00, 0.00,
0.00, 1.00,
-13.00, -3.00,
1.00, 0.00;

0.00, 0.00, 0.00,
0.00, 2.00, 0.00,
1.00, 0.00,
-10.00, -2.00,
0.00, 0.00;

0.00, 0.00, 0.00,
0.00, 2.00, 0.00,
0.00, -1.00,
-10.00, -6.00,
0.00, 1.00;

0.00, 0.00, 0.00,
0.00, 2.00, 0.00,
-1.00, 0.00,
-8.00, -4.00,
1.00, 0.00;
