0.00, 0.00, 0.00,
0.00, 2.00, 0.00,
0.00, 1.00,
6.00, -13.00,
0.00, 0.00;

0.00, 0.00, 0.00,
0.00, 2.00, 0.00,
1.00, 0.00,
2.00, -7.00,
0.00, 1.00;

0.00, 0.00, 0.00,
0.00, 2.00, 0.00,
0.00, -1.00,
10.00, -12.00,
1.00, 0.00;

0.00, 0.00, 0.00,
0.00, 2.00, 0.00,
-1.00, 0.00,
8.00, -16.00,
1.00, 0.00;

0.00, 0.00, 0.00,
0.00, 2.00, 0.00,
0.00, 1.00,
10.00, -4.00,
0.00, 1.00;

0.00, 0.00, 0.00,
0.00, 2.00, 0.00,
1.00, 0.00,
5.00, -2.00,
0.00, 1.00;

0.00, 0.00, 0.00,
0.00, 2.00, 0.00,
0.00, -1.00,
10.00, -6.00,
1.00, 0.00;

0.00, 0.00, 0.00,
0.00, 2.00, 0.00,
-1.00, 0.00,
8.00, -4.00,
0.00, 0.00;
