0.00,0.00,0.00,0.00,2.00,0.00,
1.00,0.00,31.00,-9.00,1.00,1.00;

0.00,0.00,0.00,0.00,2.00,0.00,
-1.00,0.00,-30.00,-30.00,1.00,1.00;

0.00,0.00,0.00,0.00,2.00,0.00,
0.00,1.00,-24.00,37.00,1.00,1.00;

0.00,0.00,0.00,0.00,2.00,0.00,
0.00,-1.00,7.00,35.00,0.00,1.00;

0.00,0.00,0.00,0.00,2.00,0.00,
1.00,0.00,-11.00,-9.00,1.00,0.00;

0.00,0.00,0.00,0.00,2.00,0.00,
-1.00,0.00,-29.00,24.00,1.00,1.00;

0.00,0.00,0.00,0.00,2.00,0.00,
0.00,1.00,-17.00,-19.00,0.00,1.00;

0.00,0.00,0.00,0.00,2.00,0.00,
0.00,-1.00,-3.00,-5.00,1.00,1.00;

0.00,0.00,0.00,0.00,2.00,0.00,
1.00,0.00,-16.00,-30.00,1.00,0.00;

0.00,0.00,0.00,0.00,2.00,0.00,
-1.00,0.00,27.00,-38.00,0.00,1.00;

0.00,0.00,0.00,0.00,2.00,0.00,
0.00,1.00,35.00,11.00,1.00,0.00;

0.00,0.00,0.00,0.00,2.00,0.00,
0.00,-1.00,-14.00,36.00,1.00,0.00;

0.00,0.00,0.00,0.00,2.00,0.00,
1.00,0.00,15.00,-6.00,1.00,1.00;

0.00,0.00,0.00,0.00,2.00,0.00,
-1.00,0.00,-16.00,-29.00,0.00,1.00;

0.00,0.00,0.00,0.00,2.00,0.00,
0.00,1.00,-3.00,30.00,1.00,1.00;

0.00,0.00,0.00,0.00,2.00,0.00,
0.00,-1.00,-11.00,32.00,1.00,0.00;

0.00,0.00,0.00,0.00,2.00,0.00,
1.00,0.00,30.00,-25.00,1.00,1.00;
//
0.00,0.00,0.00,0.00,2.00,0.00,
-1.00,0.00,-9.00,36.00,1.00,0.00;

0.00,0.00,0.00,0.00,2.00,0.00,0.00,1.00,20.00,8.00,1.00,0.00;

0.00,0.00,0.00,0.00,2.00,0.00,0.00,-1.00,36.00,-14.00,0.00,1.00;

0.00,0.00,0.00,0.00,2.00,0.00,1.00,0.00,10.00,13.00,0.00,1.00;

0.00,0.00,0.00,0.00,2.00,0.00,-1.00,0.00,-16.00,9.00,1.00,1.00;

0.00,0.00,0.00,0.00,2.00,0.00,0.00,1.00,-22.00,-14.00,0.00,1.00